peer_id,account_alias,account_address,balance
0,Account1,r3N2R9Xk7XBNMqWuwDyJc46wQU69yR7wjH,19000999990
0,Account2,r9DtpSsrCxDNsj44DThUUGWEX33MVK67dD,100001000000
0,Account3,rNNiF7MrvPs7sm7oaPCvBaBb9HHBNb2Zdq,181001000000
