sender_peer_id,receiver_peer_id,tx_hash,next_ledger_seq
1,3,AEF79E8E611B0459CC39ED02BE9DC2643124FB3C710ED836853BD98658E9773E,4
1,0,AEF79E8E611B0459CC39ED02BE9DC2643124FB3C710ED836853BD98658E9773E,4
1,2,AEF79E8E611B0459CC39ED02BE9DC2643124FB3C710ED836853BD98658E9773E,4
1,4,AEF79E8E611B0459CC39ED02BE9DC2643124FB3C710ED836853BD98658E9773E,4
3,2,AEF79E8E611B0459CC39ED02BE9DC2643124FB3C710ED836853BD98658E9773E,4
3,4,AEF79E8E611B0459CC39ED02BE9DC2643124FB3C710ED836853BD98658E9773E,4
3,0,AEF79E8E611B0459CC39ED02BE9DC2643124FB3C710ED836853BD98658E9773E,4
1,3,DE349E8316394E1E2731DC99C048399ECBAB746233AD2C28E110A2FC4D597161,4
1,2,DE349E8316394E1E2731DC99C048399ECBAB746233AD2C28E110A2FC4D597161,4
1,0,DE349E8316394E1E2731DC99C048399ECBAB746233AD2C28E110A2FC4D597161,4
1,4,DE349E8316394E1E2731DC99C048399ECBAB746233AD2C28E110A2FC4D597161,4
3,4,DE349E8316394E1E2731DC99C048399ECBAB746233AD2C28E110A2FC4D597161,4
3,2,DE349E8316394E1E2731DC99C048399ECBAB746233AD2C28E110A2FC4D597161,4
3,0,DE349E8316394E1E2731DC99C048399ECBAB746233AD2C28E110A2FC4D597161,4
4,2,AEF79E8E611B0459CC39ED02BE9DC2643124FB3C710ED836853BD98658E9773E,4
4,3,AEF79E8E611B0459CC39ED02BE9DC2643124FB3C710ED836853BD98658E9773E,4
4,0,AEF79E8E611B0459CC39ED02BE9DC2643124FB3C710ED836853BD98658E9773E,4
1,3,2D5FFBE9EAB9D8448F81CA1BD96D721EB35B224F82CD341634D393379ACD97E4,4
1,4,2D5FFBE9EAB9D8448F81CA1BD96D721EB35B224F82CD341634D393379ACD97E4,4
1,0,2D5FFBE9EAB9D8448F81CA1BD96D721EB35B224F82CD341634D393379ACD97E4,4
1,2,2D5FFBE9EAB9D8448F81CA1BD96D721EB35B224F82CD341634D393379ACD97E4,4
3,4,2D5FFBE9EAB9D8448F81CA1BD96D721EB35B224F82CD341634D393379ACD97E4,4
3,0,2D5FFBE9EAB9D8448F81CA1BD96D721EB35B224F82CD341634D393379ACD97E4,4
3,2,2D5FFBE9EAB9D8448F81CA1BD96D721EB35B224F82CD341634D393379ACD97E4,4
2,4,AEF79E8E611B0459CC39ED02BE9DC2643124FB3C710ED836853BD98658E9773E,4
2,0,AEF79E8E611B0459CC39ED02BE9DC2643124FB3C710ED836853BD98658E9773E,4
2,3,AEF79E8E611B0459CC39ED02BE9DC2643124FB3C710ED836853BD98658E9773E,4
4,3,DE349E8316394E1E2731DC99C048399ECBAB746233AD2C28E110A2FC4D597161,4
4,2,DE349E8316394E1E2731DC99C048399ECBAB746233AD2C28E110A2FC4D597161,4
4,0,DE349E8316394E1E2731DC99C048399ECBAB746233AD2C28E110A2FC4D597161,4
0,4,AEF79E8E611B0459CC39ED02BE9DC2643124FB3C710ED836853BD98658E9773E,4
0,3,AEF79E8E611B0459CC39ED02BE9DC2643124FB3C710ED836853BD98658E9773E,4
0,1,AEF79E8E611B0459CC39ED02BE9DC2643124FB3C710ED836853BD98658E9773E,4
2,3,DE349E8316394E1E2731DC99C048399ECBAB746233AD2C28E110A2FC4D597161,4
2,0,DE349E8316394E1E2731DC99C048399ECBAB746233AD2C28E110A2FC4D597161,4
2,4,DE349E8316394E1E2731DC99C048399ECBAB746233AD2C28E110A2FC4D597161,4
4,3,2D5FFBE9EAB9D8448F81CA1BD96D721EB35B224F82CD341634D393379ACD97E4,5
4,0,2D5FFBE9EAB9D8448F81CA1BD96D721EB35B224F82CD341634D393379ACD97E4,5
4,2,2D5FFBE9EAB9D8448F81CA1BD96D721EB35B224F82CD341634D393379ACD97E4,5
0,4,DE349E8316394E1E2731DC99C048399ECBAB746233AD2C28E110A2FC4D597161,5
0,1,DE349E8316394E1E2731DC99C048399ECBAB746233AD2C28E110A2FC4D597161,5
0,3,DE349E8316394E1E2731DC99C048399ECBAB746233AD2C28E110A2FC4D597161,5
2,3,2D5FFBE9EAB9D8448F81CA1BD96D721EB35B224F82CD341634D393379ACD97E4,5
2,4,2D5FFBE9EAB9D8448F81CA1BD96D721EB35B224F82CD341634D393379ACD97E4,5
2,0,2D5FFBE9EAB9D8448F81CA1BD96D721EB35B224F82CD341634D393379ACD97E4,5
0,3,2D5FFBE9EAB9D8448F81CA1BD96D721EB35B224F82CD341634D393379ACD97E4,5
0,4,2D5FFBE9EAB9D8448F81CA1BD96D721EB35B224F82CD341634D393379ACD97E4,5
0,1,2D5FFBE9EAB9D8448F81CA1BD96D721EB35B224F82CD341634D393379ACD97E4,5
0,4,64DA407F9BA37AA9A5BAA2419B29A4EB38ECAD34683819C07CCD0B07CAC7F598,6
0,3,64DA407F9BA37AA9A5BAA2419B29A4EB38ECAD34683819C07CCD0B07CAC7F598,6
0,2,64DA407F9BA37AA9A5BAA2419B29A4EB38ECAD34683819C07CCD0B07CAC7F598,6
0,1,64DA407F9BA37AA9A5BAA2419B29A4EB38ECAD34683819C07CCD0B07CAC7F598,6
3,2,EF807750ECB99C4ABDE09BBFD26A59DCFC9B5F7B0F96800FCE9BC19FCA84695A,6
3,0,EF807750ECB99C4ABDE09BBFD26A59DCFC9B5F7B0F96800FCE9BC19FCA84695A,6
3,4,EF807750ECB99C4ABDE09BBFD26A59DCFC9B5F7B0F96800FCE9BC19FCA84695A,6
3,1,EF807750ECB99C4ABDE09BBFD26A59DCFC9B5F7B0F96800FCE9BC19FCA84695A,6
1,4,4C248BACFA2283A65CBEF94D780C92147FA20E72BA56E30E8DCB57997AA90599,6
1,3,4C248BACFA2283A65CBEF94D780C92147FA20E72BA56E30E8DCB57997AA90599,6
2,3,5867572AFA60FBB58F4D87C486B2CDAD0B31DD9F1407AB7A7080315EA7C7BDE9,6
2,1,5867572AFA60FBB58F4D87C486B2CDAD0B31DD9F1407AB7A7080315EA7C7BDE9,6
1,0,4C248BACFA2283A65CBEF94D780C92147FA20E72BA56E30E8DCB57997AA90599,6
2,0,5867572AFA60FBB58F4D87C486B2CDAD0B31DD9F1407AB7A7080315EA7C7BDE9,6
2,4,5867572AFA60FBB58F4D87C486B2CDAD0B31DD9F1407AB7A7080315EA7C7BDE9,6
1,2,4C248BACFA2283A65CBEF94D780C92147FA20E72BA56E30E8DCB57997AA90599,6
4,1,5867572AFA60FBB58F4D87C486B2CDAD0B31DD9F1407AB7A7080315EA7C7BDE9,6
4,3,5867572AFA60FBB58F4D87C486B2CDAD0B31DD9F1407AB7A7080315EA7C7BDE9,6
4,0,5867572AFA60FBB58F4D87C486B2CDAD0B31DD9F1407AB7A7080315EA7C7BDE9,6
0,2,5867572AFA60FBB58F4D87C486B2CDAD0B31DD9F1407AB7A7080315EA7C7BDE9,7
0,3,5867572AFA60FBB58F4D87C486B2CDAD0B31DD9F1407AB7A7080315EA7C7BDE9,7
0,1,5867572AFA60FBB58F4D87C486B2CDAD0B31DD9F1407AB7A7080315EA7C7BDE9,7
0,4,5867572AFA60FBB58F4D87C486B2CDAD0B31DD9F1407AB7A7080315EA7C7BDE9,7
